17301 22109
23988 29186
32994 36253
36308 40967
45631 49512
49397 52185
52321 56746
58987 61396
61270 65833
68352 72423
72490 75348
75392 77213
98641 102658
104211 106555
115152 119323
124328 130786
132590 134641
134442 139239
146955 150513
152836 174497
174284 182173
182153 188805
190998 196428
202528 203973
204182 207608
207722 210324
214913 220417
220608 224263
260223 266417
266322 268349
268127 271774
272116 277195
277338 278312
278202 279108
278961 283213
283433 284651
284557 285470
285546 287893
287945 290289
290184 293089
293928 295145
295207 296424
296258 298927
299075 302027
301782 302732
303329 304651
304615 307387
307461 310938
310826 311821
311753 314001
314076 315870
315748 317961
318201 320426
320210 321624
322105 327647
327548 332777
333029 337898
338081 340094
340010 344194
344006 346733
346552 349370
349243 358193
358290 364384
364249 366952
366826 367749
367577 370427
370212 371661
371506 377130
